1077
863
805
794
718
683
682
660
641
640
589
542
533
517
515
513
509
505
486
483
481
478
470
463
446
433
425
424
423
421
418
412
403
399
393
393
388
378
369
366
366
364
356
355
354
353
348
348
345
340
339
335
335
329
326
325
325
323
323
321
318
317
317
316
306
305
303
300
300
299
298
294
293
293
289
287
286
282
278
277
276
274
272
269
268
267
266
265
265
264
263
261
260
260
258
256
256
256
254
254
254
253
253
251
248
248
247
246
246
246
245
245
244
242
242
240
240
235
233
232
230
230
229
224
223
223
223
222
222
222
221
216
216
215
214
213
213
213
212
211
209
204
204
204
203
202
202
200
200
198
196
196
196
195
195
194
192
191
191
190
189
189
187
186
185
185
185
184
183
183
182
178
178
177
176
174
174
172
172
171
171
169
168
168
167
167
167
166
166
166
166
164
163
160
158
158
155
154
154
152
152
152
152
151
151
150
149
148
148
148
147
147
147
146
145
144
144
142
142
141
141
140
139
138
138
138
137
136
136
136
136
135
135
135
134
132
132
130
130
130
129
129
128
128
128
127
126
125
124
124
124
124
123
123
123
122
122
121
121
121
120
120
120
119
119
118
117
116
116
116
115
115
114
113
111
111
111
111
110
110
109
109
109
106
106
106
106
105
105
105
105
105
105
105
104
104
103
103
103
102
102
102
101
101
10
10
99
99
99
98
97
97
96
95
95
95
94
94
94
93
92
92
92
92
92
91
90
90
90
90
89
89
89
88
86
86
86
86
86
84
84
83
83
82
82
82
81
80
80
80
80
80
79
79
78
78
78
77
77
77
77
77
77
77
75
75
75
75
74
74
74
74
74
73
73
73
73
72
72
72
71
71
70
70
70
70
69
69
68
67
66
66
66
66
65
65
65
65
64
64
64
64
64
64
63
63
62
62
61
61
61
61
61
60
60
60
60
59
58
58
58
58
58
58
56
55
55
55
54
53
53
52
52
51
51
51
50
50
49
49
48
47
46
46
45
45
45
43
43
43
43
42
42
42
42
41
41
41
40
40
40
39
39
39
39
38
38
38
37
37
37
36
36
36
34
34
34
34
34
33
33
33
33
32
32
31
31
31
30
30
30
30
30
30
28
28
28
28
28
27
27
27
27
26
25
25
24
24
24
23
23
22
22
22
22
21
21
21
20
20
20
19
18
18
18
18
18
17
17
17
16
16
16
16
15
15
14
14
13
13
13
12
12
11
11
11
11
10
9
8
8
8
6
6
6
5
5
4
3
3
2
2
0
0
0
0
0
0
0
0
0
0
0
0
0
0
0
0
0
0
0
0
0
0
0
0
0
0
0
0
0
0
0
0
0
0
0
0
0
0
0
0
0
0
0
0
0
0
0
0
0
0
0
0
0
0
0